Before Training...
w = [0.9862768288615988, 0.8733919458206546, 0.5097455249715815, 0.27183571428207576, 0.33691872774596354, 0.21695426501692427, 0.27647714315379956, 0.34331559277945756, 0.8621589354598529, 0.1566996700094886, 0.14088724485241533, 0.7570802806406883, 0.7363249181536082, 0.3556630916357817]
Training Loss = 367.0493006082758
Validation Loss = 352.4802568631225
                training                |               validation               
     predict_y             true_y       |     predict_y             true_y       
     386.101337          24.000000      |     454.422276          11.900000      
     379.561311          21.600000      |     415.202615          27.900000      
     368.847224          34.700000      |     402.871771          17.200000      
     362.117757          33.400000      |     308.122767          27.500000      
     367.596332          36.200000      |     206.234007          15.000000      
     366.819118          28.700000      |     202.036887          17.200000      
     390.827354          22.900000      |     205.723859          17.900000      
     404.732058          27.100000      |     343.559786          16.300000      
     402.365112          16.500000      |     274.054260           7.000000      
     393.526954          18.900000      |     202.822561           7.200000      

After Training...
w = [0.9947521172422996, -0.07659784369690127, 0.06523534822448844, 0.1176080889303934, 0.3699843217893905, 0.22551606055022078, 0.5479074379552145, 0.11201051389106605, 0.5657215226715789, 0.16261319083737194, -0.01107327856177806, 0.3092955392756341, 0.04125428282645047, -0.9248079615957475]
Training Loss = 6.729110090054995
Validation Loss = 7.948233336248198
                training                |               validation               
     predict_y             true_y       |     predict_y             true_y       
     29.166310           24.000000      |     12.283852           11.900000      
     28.167689           21.600000      |     22.615324           27.900000      
     31.150368           34.700000      |      8.898350           17.200000      
     31.120440           33.400000      |      9.818877           27.500000      
     30.023513           36.200000      |      8.029054           15.000000      
     30.134003           28.700000      |      2.491670           17.200000      
     23.642191           22.900000      |     -11.389205          17.900000      
     21.089410           27.100000      |      8.896746           16.300000      
     10.906062           16.500000      |     -13.391387           7.000000      
     21.691344           18.900000      |     -5.310249            7.200000      
