Before Training...
w = [-1.7688457055759508, 0.07555227120810952, -1.1306297028053423, -0.6514301669047348, -0.8931156263199002, -1.2741009767999079, -0.06115443195334841, 0.06451384411861422, 0.4101129497994469, -0.572882490081088, -0.8013336248612375, 1.3120351922129225, 1.2746988741941558, -1.2143576048675497]
Training Loss = 753.6785628758216
Validation Loss = 684.1089736142626
                training                |               validation               
     predict_y             true_y       |     predict_y             true_y       
     -0.141992           24.000000      |     -7.722083           11.900000      
      2.148229           21.600000      |     -7.135726           27.900000      
      2.819930           34.700000      |     -9.540326           17.200000      
      4.432565           33.400000      |     -12.657010          27.500000      
      4.088140           36.200000      |     -16.055317          15.000000      
      4.091320           28.700000      |     -17.435815          17.200000      
     -1.821722           22.900000      |     -19.733918          17.900000      
     -2.842757           27.100000      |     -11.400887          16.300000      
     -4.993001           16.500000      |     -19.079316           7.000000      
     -2.689193           18.900000      |     -19.859117           7.200000      

After Training...
w = [24.003436834807143, -1.2215090991638027, 0.8200889403540019, -0.05295860127998284, 0.6624655049660804, -1.2003254736427142, 3.4960794299898343, 0.08784760009643935, -2.454732102578915, 1.702148946225434, -0.9807414619460263, -1.6826237604074734, 0.0005286244059847394, -3.820119760891585]
Training Loss = 23.102779147478252
Validation Loss = 26.237806389764106
                training                |               validation               
     predict_y             true_y       |     predict_y             true_y       
     30.121356           24.000000      |      5.669553           11.900000      
     24.980634           21.600000      |     20.285571           27.900000      
     31.422691           34.700000      |     13.607298           17.200000      
     29.732706           33.400000      |     22.006951           27.500000      
     29.135327           36.200000      |     16.042926           15.000000      
     25.793132           28.700000      |     20.266870           17.200000      
     22.541829           22.900000      |      2.420059           17.900000      
     19.210466           27.100000      |     11.197669           16.300000      
     10.479796           16.500000      |     -5.197620            7.000000      
     18.789858           18.900000      |     12.963609            7.200000    