Before Training...
w = [98.62768288615989, 87.33919458206546, 50.97455249715816, 27.183571428207575, 33.691872774596355, 21.695426501692427, 27.647714315379957, 34.33155927794576, 86.2158935459853, 15.669967000948859, 14.088724485241533, 75.70802806406883, 73.63249181536082, 35.56630916357817]
Training Loss = 1524850868.018775
Validation Loss = 1358305164.9512415
                training                |               validation               
     predict_y             true_y       |     predict_y             true_y       
    38610.133657         24.000000      |    45442.227606         11.900000      
    37956.131113         21.600000      |    41520.261455         27.900000      
    36884.722383         34.700000      |    40287.177078         17.200000      
    36211.775709         33.400000      |    30812.276656         27.500000      
    36759.633153         36.200000      |    20623.400705         15.000000      
    36681.911778         28.700000      |    20203.688657         17.200000      
    39082.735421         22.900000      |    20572.385879         17.900000      
    40473.205793         27.100000      |    34355.978592         16.300000      
    40236.511245         16.500000      |    27405.425977          7.000000      
    39352.695440         18.900000      |    20282.256106          7.200000      

After Training...
w = [30.204298144175937, -0.19127194513780132, 0.04405462728752524, 0.05205068411311231, 1.8916839644777284, -14.940080650014465, 4.757264001200724, 0.002702708744277249, -1.300221193932181, 0.45890271416633155, -0.015584040745901417, -0.8110949054519061, -0.002163551374254169, -0.5323204869379943]
Training Loss = 22.682227893845553
Validation Loss = 33.548282912266075
                training                |               validation               
     predict_y             true_y       |     predict_y             true_y       
     29.142474           24.000000      |      6.787740           11.900000      
     24.846338           21.600000      |     21.367991           27.900000      
     31.161746           34.700000      |     15.422323           17.200000      
     29.332689           33.400000      |     23.760338           27.500000      
     28.780051           36.200000      |     17.130162           15.000000      
     25.458646           28.700000      |     22.371876           17.200000      
     22.516512           22.900000      |      4.788079           17.900000      
     19.259550           27.100000      |     12.578669           16.300000      
     10.796351           16.500000      |     -3.970297            7.000000      
     18.706968           18.900000      |     14.763726            7.200000      
