Before Training...
w = [-1.7688457055759508, 0.07555227120810952, -1.1306297028053423, -0.6514301669047348, -0.8931156263199002, -1.2741009767999079, -0.06115443195334841, 0.06451384411861422, 0.4101129497994469, -0.572882490081088, -0.8013336248612375, 1.3120351922129225, 1.2746988741941558, -1.2143576048675497]
Training Loss = 753.6785628758216
Validation Loss = 684.1089736142626
                training                |               validation               
     predict_y             true_y       |     predict_y             true_y       
     -0.141992           24.000000      |     -7.722083           11.900000      
      2.148229           21.600000      |     -7.135726           27.900000      
      2.819930           34.700000      |     -9.540326           17.200000      
      4.432565           33.400000      |     -12.657010          27.500000      
      4.088140           36.200000      |     -16.055317          15.000000      
      4.091320           28.700000      |     -17.435815          17.200000      
     -1.821722           22.900000      |     -19.733918          17.900000      
     -2.842757           27.100000      |     -11.400887          16.300000      
     -4.993001           16.500000      |     -19.079316           7.000000      
     -2.689193           18.900000      |     -19.859117           7.200000      

After Training...
w = [24.08921463333388, -1.2342452880789831, 0.9056143830747901, 0.006340630733213238, 0.604844898910663, -1.308049361040244, 3.564610117823015, 0.051459116824070124, -2.576797497662436, 2.008980280037464, -1.1294589522588423, -1.6975980114270075, 0.015616232029127063, -3.696551754224135]
Training Loss = 22.92032732781146
Validation Loss = 28.62756906851129
                training                |               validation               
     predict_y             true_y       |     predict_y             true_y       
     29.897972           24.000000      |      6.213087           11.900000      
     24.888460           21.600000      |     20.760369           27.900000      
     31.331011           34.700000      |     14.392531           17.200000      
     29.591305           33.400000      |     22.722847           27.500000      
     29.041141           36.200000      |     16.354946           15.000000      
     25.622959           28.700000      |     20.933768           17.200000      
     22.530049           22.900000      |      3.121172           17.900000      
     19.276153           27.100000      |     11.739837           16.300000      
     10.672502           16.500000      |     -4.580793            7.000000      
     18.775955           18.900000      |     13.646246            7.200000      