Before Training...
w = [-1.7688457055759508, 0.07555227120810952, -1.1306297028053423, -0.6514301669047348, -0.8931156263199002, -1.2741009767999079, -0.06115443195334841, 0.06451384411861422, 0.4101129497994469, -0.572882490081088, -0.8013336248612375, 1.3120351922129225, 1.2746988741941558, -1.2143576048675497]
Training Loss = 753.6785628758216
Validation Loss = 684.1089736142626
                training                |               validation               
     predict_y             true_y       |     predict_y             true_y       
     -0.141992           24.000000      |     -7.722083           11.900000      
      2.148229           21.600000      |     -7.135726           27.900000      
      2.819930           34.700000      |     -9.540326           17.200000      
      4.432565           33.400000      |     -12.657010          27.500000      
      4.088140           36.200000      |     -16.055317          15.000000      
      4.091320           28.700000      |     -17.435815          17.200000      
     -1.821722           22.900000      |     -19.733918          17.900000      
     -2.842757           27.100000      |     -11.400887          16.300000      
     -4.993001           16.500000      |     -19.079316           7.000000      
     -2.689193           18.900000      |     -19.859117           7.200000      

After Training...
w = [24.046096955381966, -1.2039408122346007, 0.8188991738299394, -0.05299347631553827, 0.6376611794449474, -1.1896204360445337, 3.5336437015803535, 0.09365915685209668, -2.444607887413131, 1.7687383673634012, -0.946388504153078, -1.6721037403534398, 0.024958459005594746, -3.78919608050688]
Training Loss = 23.063394863489698
Validation Loss = 27.31207360011818
                training                |               validation               
     predict_y             true_y       |     predict_y             true_y       
     30.073015           24.000000      |      5.969322           11.900000      
     24.952358           21.600000      |     20.566706           27.900000      
     31.404645           34.700000      |     13.926197           17.200000      
     29.711463           33.400000      |     22.295255           27.500000      
     29.135643           36.200000      |     16.213041           15.000000      
     25.755190           28.700000      |     20.463822           17.200000      
     22.547353           22.900000      |      2.579790           17.900000      
     19.263107           27.100000      |     11.454125           16.300000      
     10.548520           16.500000      |     -4.921313            7.000000      
     18.819478           18.900000      |     13.198470            7.200000      